------------------------
 160  80  40  20  15  10  2014-11-29 00h
------------------------
                   1   0
------------------------
 160  80  40  20  15  10  2014-11-29 01h
------------------------
                   1   0
------------------------
 160  80  40  20  15  10  2014-11-29 02h
------------------------
                   1   0
               0   1    
------------------------
 160  80  40  20  15  10  2014-11-29 03h
------------------------
               0   1    
------------------------
 160  80  40  20  15  10  2014-11-29 04h
------------------------
               0   1    
------------------------
 160  80  40  20  15  10  2014-11-29 05h
------------------------
               0   1    
                   1   0
------------------------
 160  80  40  20  15  10  2014-11-29 06h
------------------------
                   1   0
------------------------
 160  80  40  20  15  10  2014-11-29 07h
------------------------
                   1   0
------------------------
 160  80  40  20  15  10  2014-11-29 08h
------------------------
                   1   0
           1           0
------------------------
 160  80  40  20  15  10  2014-11-29 09h
------------------------
           1           0
       0   1            
------------------------
 160  80  40  20  15  10  2014-11-29 10h
------------------------
       0   1            
------------------------
 160  80  40  20  15  10  2014-11-29 11h
------------------------
       0   1            
   0       1            
------------------------
 160  80  40  20  15  10  2014-11-29 12h
------------------------
   0       1            
       0   1            
------------------------
 160  80  40  20  15  10  2014-11-29 13h
------------------------
       0   1            
           1   0        
------------------------
 160  80  40  20  15  10  2014-11-29 14h
------------------------
           1   0        
       1       0        
------------------------
 160  80  40  20  15  10  2014-11-29 15h
------------------------
       1       0        
------------------------
 160  80  40  20  15  10  2014-11-29 16h
------------------------
       1       0        
------------------------
 160  80  40  20  15  10  2014-11-29 17h
------------------------
       1       0        
       1   0            
------------------------
 160  80  40  20  15  10  2014-11-29 18h
------------------------
       1   0            
------------------------
 160  80  40  20  15  10  2014-11-29 19h
------------------------
       1   0            
------------------------
 160  80  40  20  15  10  2014-11-29 20h
------------------------
       1   0            
   1       0            
   1           0        
               0   1    
       0           1    
------------------------
 160  80  40  20  15  10  2014-11-29 21h
------------------------
       0           1    
       0       1        
               1   0    
                   0   1
------------------------
 160  80  40  20  15  10  2014-11-29 22h
------------------------
                   0   1
               0       1
------------------------
 160  80  40  20  15  10  2014-11-29 23h
------------------------
               0       1
                   0   1
               0       1
------------------------
 160  80  40  20  15  10  2014-11-30 00h
------------------------
               0       1
               0   1    
------------------------
 160  80  40  20  15  10  2014-11-30 01h
------------------------
               0   1    
                   1   0
               1       0
------------------------
 160  80  40  20  15  10  2014-11-30 02h
------------------------
               1       0
------------------------
 160  80  40  20  15  10  2014-11-30 03h
------------------------
               1       0
               1   0    
------------------------
 160  80  40  20  15  10  2014-11-30 04h
------------------------
               1   0    
               1       0
                   1   0
------------------------
 160  80  40  20  15  10  2014-11-30 05h
------------------------
                   1   0
               1       0
               1   0    
------------------------
 160  80  40  20  15  10  2014-11-30 06h
------------------------
               1   0    
               1       0
                   1   0
------------------------
 160  80  40  20  15  10  2014-11-30 07h
------------------------
                   1   0
               1       0
                   1   0
------------------------
 160  80  40  20  15  10  2014-11-30 08h
------------------------
                   1   0
               1       0
               1   0    
           1       0    
------------------------
 160  80  40  20  15  10  2014-11-30 09h
------------------------
           1       0    
               1   0    
       0       1        
------------------------
 160  80  40  20  15  10  2014-11-30 10h
------------------------
       0       1        
------------------------
 160  80  40  20  15  10  2014-11-30 11h
------------------------
       0       1        
       0   1            
           1   0        
------------------------
 160  80  40  20  15  10  2014-11-30 12h
------------------------
           1   0        
   1           0        
   1       0            
   1           0        
------------------------
 160  80  40  20  15  10  2014-11-30 13h
------------------------
   1           0        
   1       0            
       1   0            
------------------------
 160  80  40  20  15  10  2014-11-30 14h
------------------------
       1   0            
   1       0            
------------------------
 160  80  40  20  15  10  2014-11-30 15h
------------------------
   1       0            
       1   0            
------------------------
 160  80  40  20  15  10  2014-11-30 16h
------------------------
   1       0            
       1   0            
------------------------
 160  80  40  20  15  10  2014-11-30 17h
------------------------
       1   0            
------------------------
 160  80  40  20  15  10  2014-11-30 18h
------------------------
       1   0            
   1       0            
------------------------
 160  80  40  20  15  10  2014-11-30 19h
------------------------
   1       0            
------------------------
 160  80  40  20  15  10  2014-11-30 20h
------------------------
   1       0            
       1   0            
------------------------
 160  80  40  20  15  10  2014-11-30 21h
------------------------
       1   0            
           0           1
                   0   1
------------------------
 160  80  40  20  15  10  2014-11-30 22h
------------------------
                   0   1
               0       1
------------------------
 160  80  40  20  15  10  2014-11-30 23h
------------------------
               0       1
------------------------
 160  80  40  20  15  10  2014-12-01 23h
------------------------
               0       1
